7480509410591247638
7506931364877421855
7521807661818547487
7482575031873178911
7502015268772777262
7522420970863332630
7526455693679873302
7522420970863332630
7496636833208470806
7506367196583578926
7520456759480225037
7497945567981554990
7526661358906101023
7514755548525448478
7523681970363190550
7513271254242151710
7506085127689194774
7519441137556311318
7518840065586482463
7493060885460700438
7526304894685285687
7488890388409929006
7513256228328328494
7525176786657889550
7514400165025877279
7504602973327133982
7512158000858107166
7509499154255645983
7492481322368109846
7493948959774346539
7504497915277135150
7522949680104312078
7508794942781705494
7524774896308735262
7522161834472852766
